0.005915
0.005965
0.005983
0.005984
0.005992
0.006039
0.006083
0.006101
0.006229
0.006279
0.006286
0.006289
0.006321
0.006328
0.006329
0.006329
0.006343
0.006343
0.006363
0.006366
0.006394
0.006409
0.006426
0.006429
0.006465
0.006470
0.006521
0.006535
0.006536
0.006540
0.006597
0.006698
0.006717
0.006738
0.006748
0.006749
0.006750
0.006812
0.006824
0.006877
0.006885
0.006886
0.006925
0.006927
0.006930
0.006934
0.006943
0.006982
0.006995
0.007020
0.007103
0.007161
0.007166
0.007186
0.007195
0.007195
0.007197
0.007286
0.007299
0.007347
0.007488
0.007489
0.007532
0.007543
0.007570
0.007634
0.007676
0.007691
0.007744
0.007767
0.007842
0.007914
0.008076
0.008097
0.008112
0.008217
0.008331
0.008430
0.008596
0.008628
0.008689
0.008713
0.008740
0.008791
0.008834
0.009049
0.009270
0.009291
0.009397
0.009640
0.009758
0.010046
0.010137
0.010168
0.011117
0.012274
0.012285
0.012521
0.013564
0.151727
