0.005985
0.006022
0.006070
0.006117
0.006153
0.006180
0.006201
0.006211
0.006255
0.006316
0.006321
0.006360
0.006387
0.006453
0.006505
0.006513
0.006525
0.006544
0.006609
0.006657
0.006691
0.006725
0.006730
0.006741
0.006751
0.006786
0.006789
0.006846
0.006879
0.006892
0.006912
0.006921
0.006976
0.006981
0.006991
0.006998
0.007004
0.007032
0.007040
0.007042
0.007065
0.007077
0.007088
0.007088
0.007145
0.007156
0.007191
0.007208
0.007212
0.007252
0.007268
0.007285
0.007294
0.007340
0.007341
0.007347
0.007388
0.007418
0.007438
0.007439
0.007481
0.007502
0.007523
0.007577
0.007646
0.007659
0.007664
0.007722
0.007732
0.007757
0.007895
0.007995
0.008019
0.008024
0.008100
0.008164
0.008170
0.008254
0.008302
0.008344
0.008370
0.008522
0.008525
0.008585
0.008695
0.008816
0.008918
0.008995
0.009077
0.009335
0.009435
0.009496
0.009612
0.009947
0.010041
0.010057
0.010916
0.012501
0.019635
0.022242
